01PORTLAND, MAINE               200902           7432      414525474       24841762         132226      153652188       19673662       62892246        2319992          14779      783901879       51956823         331897      274945615      104450521       66616198        2972812
02ST. ALBANS, VERMONT           200902           6430      236592131       23316767          93980              0              0              0              0          12903      453908673       45119475         243887              0              0              0              0
04BOSTON, MASSACHUSETTS         200902          11944      929679772      813252238        3124900      111194578      160694339       62284679       30256994          24037     1747917289     1522096812        6489824      207503388      357661965      104540388       61541880
05PROVIDENCE, RHODE ISLAND      200902            853        6080679              0              0        6080679        1429686          19769           9322           1401       19534648           9034              5       19525614       37407744          87529          57657
07OGDENSBURG, NEW YORK          200902          47899     1055037642       11569285         855711       28477384       55880162        3002593         824656          95056     2031735880       21680785        1514260       57281139      111637357        6631517        1662027
09BUFFALO, NEW YORK             200902         110575     2737676554       79985137        1296144        6923419        1341726        5665680         681606         222952     5255541141      127191586        2579317       45635690      229435204       13813079        1753816
10NEW YORK CITY, NEW YORK       200902         167959     8443350216     5481668057       38038217     2796070455     1191284194     1981128130      549255761         331192    16525525543    10811730286       76059344     5439700049     2241913514     3832055558     1075772703
11PHILADELPHIA, PA.             200902          35300     1092527457      643392375        7276040      417800249      157677814      239014105       51036775          70341     2119829156     1280479311       14700906      805113375      405610978      483086958      102962348
13BALTIMORE, MARYLAND           200902          10018      989279355       17742418         169113      951706078      487081782      311461030       88490557          18912     1869883527       38212630         350714     1811296401     1077867230      597846287      174820455
14NORFOLK, VIRGINIA             200902          20548     1918568020       13862966          69071     1899673491     2815863064     1060202105      357835047          40280     3538541232       76739366         132295     3453966349     5526332052     2042088903      699302198
15WILMINGTON, N. CAROLINA       200902           2357      188534642       48855748         613099      137921212       60578237       55218806       40570685           5413      359599977      117731352        1326943      238637995      136354581      136260017       99074041
16CHARLESTON, S. CAROLINA       200902          14883     1303369647        2148881          39768     1301217436      354690447      709693064      267182100          29535     2545012141        9836850         100165     2535171961      783672181     1394878366      587551462
17SAVANNAH, GEORGIA             200902          41008     2531197951      850024965       10249810     1608024787      915253051     1119172240      590332857          80868     4805839561     1666137441       19314247     2930566465     1849096217     2073519500     1192746431
18TAMPA, FLORIDA                200902          22683      925683945       64844525        1010039      858508650      524909112      174408353       79265130          43483     1648302583      130691649        2182765     1513809837     1099672666      357147175      155685176
19MOBILE, ALABAMA               200902           5951      580872367      122625404        1793601      458164196     1341158779       84336752       76324803          11856     1100779058      227958232        3931161      856738059     2980954444      152615692      137377653
20NEW ORLEANS, LOUISIANA        200902          92096     4305036042     1666864388       11189383     2554162604     7779808431      221686797      130098242         182126     8898892150     3320378367       22024886     5311979440    16233515816      435220031      264274554
21PORT ARTHUR, TEXAS            200902            153      354778690              0              0      354778690     1044213673        6413994       17563207            318      761535605              0              0      761535605     2263989046       17385061       28999911
23LAREDO, TEXAS                 200902         171702     4982841569       31232029         133344          49984           2840          21707           2082         340989    10171360854       77300434         299168        1867245        5035833         146892         168583
24EL PASO, TEXAS                200902          76743     1478042641       10527086         100615              0              0              0              0         155834     3011832249       21243791         218348              0              0              0              0
25SAN DIEGO, CALIFORNIA         200902          54676     1013200264       16224745          99627        3218339         872167        2323056         783735         114059     2143303724       28783776         228503        6465077        2430969        4431414        2030709
26NOGALES, ARIZONA              200902          24126      539302171       42270140         409344              0              0              0              0          48632     1100330475       84043688         708062              0              0              0              0
27LOS ANGELES, CALIFORNIA       200902         141454     6394146593     2384674480       27853041     3594762016     3171804430     2613608376     1408126293         275890    12155823202     4791320047       54481612     6888414310     5805652674     5035938545     2655245682
28SAN FRANCISCO, CALIF.         200902          52706     2579159520     1439678385        7275235     1128293255     1134215220      717326032      432596195         104486     5327840223     3060012131       15506984     2250013587     2556382838     1414952240      869471644
29COLUMBIA-SNAKE                200902           3960      796315005      157695809         471372      638377884     1929113564       83294107      126426425           7778     1606141247      300891932        1102604     1304810436     3976799586      147554961      202777303
30SEATTLE, WASHINGTON           200902          79361     4468956272      495675811        4306868     1337370917     2360754006      644565385      572961514         159393     8530737423      984132588        8967845     2477101452     4283072935     1254470317     1104158779
31ANCHORAGE, ALASKA             200902          25821      743310803      592347404        5000101      143873730      222746351       26975898       10740950          49710     1360626617     1146512956        9514487      185434277      357093519       35100701       14951018
32HONOLULU, HAWAII              200902           3715       89808121       61206330        1200013       28026856       71083490        4857941       11216327           7767      532084831      115745529        2359877       41713089       97923324        9791674       21284150
33GREAT FALLS, MONTANA          200902          27075     1182952822      588646645         864119              0              0              0              0          56543     2601492802     1325064151        1653424              0              0              0              0
34PEMBINA, NORTH DAKOTA         200902          59275     1377202450        5013358         280297              0              0              0              0         120193     2801950224       22254623         559010              0              0              0              0
35MINNEAPOLIS, MINNESOTA        200902           4741      109144838      105760417         850239           2816           2990              0              0           9775      233667650      228876952        1786737           6093           3039              0              0
36DULUTH MINNESOTA              200902           4441      199371023          74431          28304        7698614       15950478        5422543       14215188           9341      410503218          84413          28405       13487721       24587413        8695304       17664257
37MILWAUKEE, WISCONSIN          200902            180        3730508        2691788          34306        1038720         138822         787256          71820            364        8188767        5419887          87474        2768880         382209        1731225         105774
38DETROIT, MICHIGAN             200902         268341     6594132329      199190198        4269038      187840985       98724159      124804547       27393571         519503    12660103262      375739087        8240178      389417284      712206196      230624870       49882330
39CHICAGO, ILLINOIS             200902          58591     2557198444     2535106594       26399212         734010         619232         420891         462796         120071     5082736471     5034112040       53278322        4002365         822733         420891         462796
41CLEVELAND, OHIO               200902          81663     1541774160     1514522957       12422053        6042457       10096954        2320198         409114         163323     3014518550     2935754097       24163918       13249854       52559177        5455616         985503
45ST. LOUIS, MISSOURI           200902            393      277688676      242057966         154586              0              0              0              0            952      318110558      280265746         239782              0              0              0              0
49SAN JUAN,  PUERTO RICO        200902           5486     1508173544     1361531071        1795115      146467013       92003147      109637358       42179669          10215     2852084660     2521507989        3450187      330276148      171140647      215468467       71867133
51VIRGIN ISLANDS OF THE US      200902             79       45539618        3524960           3146       40744341      143374327         222111         116039            196       87034085        7477352           8012       77651733      268052282         424721         257396
52MIAMI, FLORDIA                200902         127306     3831396029     2093398893       23037969     1648523163      459042565      974976774      309272860         254092     7780446092     4246464382       47630561     3322185565      938341285     1988178099      582782041
53HOUSTON/GALVESTON, TEXAS      200902          48927     5230609742      504297848        9445445     4717477275     5161842962     1631194462      698329124          94590    10618677814     1144857969       19451851     9457103874    10531726910     3142943534     1435112577
54WASHINGTON, D.C.              200902           8582      574086960      563064123        3091744         325194         155087         102903          70114          17027     1084893334     1066171758        6291821         835479         221056         345143         119950
55DALLAS/FORT WORTH, TEXAS      200902          27296     1328478954     1112761560        9418686              0              0              0              0          51990     2396841594     2128916459       18062114              0              0              0              0
59NORFOLK/MOBILE/CHARLESTON     200902             82      347228568              0              0      347228568              0         175295              0            164      757673457              0              0      757673457              0         239333              0
60VESSELS UNDER OWN POWER       200902             15        1330727              0              0              0              0              0              0             16        1428809              0              0              0              0              0              0
70LOW VALUE SHIPMENTS           200902          47562     2890648803              0              0              0              0              0              0          92007     5934477073              0              0              0              0              0              0
80MAIL SHIPMENTS                200902            608       10300300              0              0              0              0              0              0           1124       23696655              0              0              0              0              0              0
