1010Greenland                     200902             21         266289         103016           3175         108566          10602         108566          10602             33        1154879         955529           6250         119103          11498         119103          11498
1220Canada                        200902         669817    15602073371     1226841213       15169133      210291357      598012093              0              0        1327773    30387398297     2371297523       29320796      533750759     2120391295              0              0
1610St Pierre and Miquelon        200902              1           2731              0              0              0              0              0              0              3          34451          29584             64              0              0              0              0
2010Mexico                        200902         339028     9277017144      457261027        3670069      632428556     1555728382       56206708       41985426         685210    19067595155      936968035        7453473     1353347642     3333160072      101730843       71061019
2050Guatemala                     200902           8080      364160992       32827870         480016      313619892      400579734       88079821       45359639          15255      613678629       58932108         952979      517919008      664904524      170691647       90279040
2080Belize                        200902            929       22660539        2211179          23285       16316988       41321895       10040985       29398544           1633       39228116        4107492          61270       26778922       53648137       17246576       36099586
2110El Salvador                   200902           4925      167500804       22323618         314818      136375182      145173968       72999579       30226599           9320      337384860       42571577         576604      278285122      307769756      144882649       63932360
2150Honduras                      200902           7489      273158728       22833612         301334      234261010      232540264      123701417       48567150          14541      512959477       41453593         616084      438403339      446931613      239805264       95859810
2190Nicaragua                     200902           2002       61838197        8359171         164383       51141996       54338068       13821760        6214821           3693      100588451       14284925         286858       80290226       72146013       28302061       12746689
2230Costa Rica                    200902           8303      337551474      122803571         821384      200332245      301024625       96533835       39057621          16548      688223051      247195408        1739564      412278024      577362095      180864878       76017889
2250Panama                        200902           7086      375655990       56638196         568831      264170263      243714823      116668529       30196307          14057      751792066       97159481        1106010      588594966      683104271      202210811       58783188
2320Bermuda                       200902           2619       51701702       15141267          72303       30793616       16275882       21110362        5567234           5400      138034089       19749843         125414       61812118       29576246       44662132       12924008
2360Bahamas                       200902           5980      159485216        5553072          74006      137303411      287776817       51731236       38241513          12036      309281702       13896189         232190      261409963      464377129      110609558       74620013
2390Cuba                          200902            138       53145490         118676           4382       53026814      146517437        7087895        6873873            270      120731074         283847          11064      120447227      347415226       11266100       10994503
2410Jamaica                       200902           4434      127364964       12549397         260148      107172609      170371981       39687475       18123542           8913      284077060       29543869         466699      239174487      414126066       78476077       35565624
2430Turks and Caicos Islands      200902           1029       23232776        1093176          23223       11031572       12672336        7097654        9127812           2107       52361789        1880055          34894       25510327       22846992       16071276       15349164
2440Cayman Islands                200902           2367       49163903        3507102          21936       31494670       25228678       21514809        9861717           4663      104473323        6950297          51482       68004702       51176844       51592077       28033423
2450Haiti                         200902           1150       70874008        2427178          72380       66099441       51931103       20495497       13284413           2209      118388551        4585544         142371      108344395       98110884       38818893       23500850
2470Dominican Republic            200902          11584      376586558       46668745         613334      320307587      211233627      180013310       51289222          22066      827500189       99795969        1304413      709033434      588352609      400643239      108353638
2481Anguilla                      200902            244        4541347         203448           4203        3177485        3256174        2963087        2971514            521       12722504         504844           6515       10060176        6459356        8476002        5451690
2482British Virgin Islands        200902            862       14475663         910482           8115       11684940       19150709        6039069        8770883           1641       69683148        1879522          17835       23457423       25069514       10383960       10420501
2483St Kitts and Nevis            200902            542        8136033        1195992          28631        5886211        2590974        4445251        1958880           1089       16590320        2563324          51175       11480855        4900002        8847079        3792621
2484Antigua and Barbuda           200902            925       13975764        1955736          25833        9894335        4924496        6990496        3347323           1847       27874282        4702872          61506       18494162        9159263       12121964        5708393
2485Montserrat                    200902             37         589785          39118            155         246606         126771         171278          54973             75        1369639          94663           2265         521027         216102         267459          82721
2486Dominica                      200902            337        7478884         511191           6839        6621490        4266588        2613446         805485            565       12885832        1014358          11262       10928033        6062317        5161483        1931389
2487St Lucia                      200902            749        9833498         923774          10950        7887672        5716400        5154172        2331849           1388       19160447        2754843          19525       13164432        8154243        8872341        3936928
2488St Vincent and the Grenadines 200902            334        5278415         646247          22425        3678583        2248111        2660687        1117420            597       12925837         923003          25313       10237195       10745531        4644030        2297974
2489Grenada                       200902            337        4983382         664039          10303        3913156        4491756        2080064         679542            635        9371264        1477038          16736        6433653        5322252        4042526        1210818
2720Barbados                      200902           2136       38521942        8564054         134725       26003581       23552243       17934878        5580456           4259       68769406       15169614         299154       46367656       30679298       32909589       10551368
2740Trinidad and Tobago           200902           4726      184642687       19552037         472498      153229943       60202037       61377606       17186569           9976      380947551       43845709        1001584      312033328      138248779      112982148       37641998
2771Netherlands Antilles          200902           3969      165808769       62362155         171079       77066416      125468635       25712267        8901630           8029      328593796      116347525         371319      154389689      248376388       52774024       17983160
2779Aruba                         200902           1629       57930231        6652600          38768       45803888      109503534       19175974        5428214           3261      106230036       15828618          94567       80079304      212057826       33675735        9440188
2831Guadeloupe                    200902             77        5098924         234597           2158        3878756        7576589         803172         161768            228       13223614        1261351          44457        8066892       18376623        1976081         431914
2839Martinique                    200902             69       14280240         187340           1655       12711040       20735760         439043         188828            163       27852372         484084           6907       24570092       44762005        1287171         397856
3010Colombia                      200902          15352      739437838      221620440        4710289      498188975      478621901      166811817       79640702          30225     1449972436      448467026        9278784      960721510      936849165      338446686      151069540
3070Venezuela                     200902          12030      747251775      177728782        2303686      534830919      401644356      194079724       50108085          24525     1628488996      409824178        4669129     1151054635      872113955      418245576      108328271
3120Guyana                        200902            716       21976490        1728646          60373       19648009        7662478       15594165        2788135           1331       36396173        3126773         133986       31587916       19270747       23605794        5529752
3150Suriname                      200902            794       33946319        2465792          60978       29313764       43229403       11108517        4059898           1663       64306044        4483838         142960       55445990       82206647       18046576        6895791
3170French Guiana                 200902             15         689682          18815            519         459417         184295          99505          46787             60        3633161        1778244          26904        1534821         447856         352018          79071
3310Ecuador                       200902           5963      247016556       48651046         906831      192090658      256239541       78884433       47777537          11462      521211530      114570722        1857103      394222064      555715748      143331785       81583304
3330Peru                          200902           7974      317988957       71176868        1328164      236189323      110335424       99588717       36077410          15901      690556081      155534896        2797257      513289610      255096861      227080616       73498973
3350Bolivia                       200902           1192       28967003       12011267         125430       16520732        4135265       11993680        2611438           2275       58627621       29844528         360113       27513789        6379850       20493755        4278394
3370Chile                         200902          12084      574796617      131176517        1930501      414933269      458806380      186972260       68870314          24122     1323947454      254225654        3889827      854967726      973747931      348324013      162368314
3510Brazil                        200902          32132     1845028774      826878928        6948286      881353053     1187283698      456945413      120249326          64080     3965841378     1731086129       15145083     1828613572     2639405916      889733513      248517557
3530Paraguay                      200902           1720       80598163       53744918         469235       26183823        3070046       12562921        2392922           3467      164225475      123387053        1208545       39588619        5271288       19440167        4011650
3550Uruguay                       200902           1752       51513142       16589717         311177       32238976        9764890       23678818        8196121           3620      110405834       40441710         549119       64664061       18809594       46631776       16075754
3570Argentina                     200902           9658      368676400      137743722        1616124      217998678      107647651      130660105       34968549          19321      806508897      295281268        3614187      470852559      230660354      262989483       72405349
3720Falkland Islands              200902              1           2219              0              0              0              0              0              0              5          28280           2893             64          21143           6971          21143           6971
4000Iceland                       200902            454       50461487        5562004          73908       39002897       41074339        2041746        1116849            908       77850564       14256009         144488       48451805       79465284        3652310        1976134
4010Sweden                        200902           8072      321649518      194820216        1742105       94456609       70550557       69432278       23073019          16005      668717784      378553415        3301036      212553256      257077067      130646074       50874569
4031Svalbard, Jan Mayen Island    200902              5         283513              0              0         281236          30825              0              0             16         400824          96601           8111         300236          34217              0              0
4039Norway                        200902           4379      218355324      106291926        1207104       91323119       32438685       45141732        7995922           8654      405690980      216739249        2514954      147573084       61303502       74752766       13200883
4050Finland                       200902           4017      129955451       51279275         809796       65167304       43071564       49556460       24016121           8302      243168187      102734062        1435254      112775451       59903292       83045537       31509186
4091Faroe Islands                 200902             11        5889683          33382            414        5848975       63093914          25000           6350             21        6171726          83814            479        5953975       63207079          25000           6350
4099Denmark                       200902           4859      212106990       92085403         825005      103547456       86014116       56750808        9156999           9603      374936991      175481175        1750337      168230736      102103428       98180182       17683867
4120United Kingdom                200902          62990     3710938167     2544789684       17131783      846003320      434976879      599902591      116722607         125389     7385958858     5048546879       34774046     1735526385     1323288236     1141872196      234148943
4190Ireland                       200902           8243      713517594      349543411        2935491       86378268       44450375       55195872       11846083          16579     1383615769      694356787        5894787      199946971      111335576      106744273       23532079
4210Netherlands                   200902          38034     2708096886     1543215431        8076124     1076604785     1565736033      481471838       99611065          75026     5118536653     2730840574       16223816     2203246322     3259169286      921950151      232846911
4231Belgium                       200902          21612     1692934266      701305694        4494832      898750932      609544605      534815478      124568225          42704     3433393004     1499648140        8963924     1710074108     1238388892     1032502214      230317637
4239Luxembourg                    200902            852       74352508       56204244         235427       10133943       12493760        8222633        2479103           1626      147063264       96716058         437327       25809769       31228431       21429726        5910232
4271Andorra                       200902             16         605814          45560            571         531093          64329         389665          18332             32         867952          97006           1546         736476         117178         475206          22483
4272Monaco                        200902             35         760354         134346           1792         280903          85013         280903          85013             57        1445433         226492           2994         605021         250791         605021         250791
4279France                        200902          37512     2487955787     1483091721        9158566      551401977      610853376      311960716       63842317          75885     4714003131     3001014895       19586408     1102540783     1155943042      602294295      129210427
4280Federal Republic of Germany   200902          64955     3798125727     2195280133       14583689     1306531930      831453515      547910428      112982646         129937     7351131314     4404246293       29842647     2297924081     1351589377     1043530994      233094073
4330Austria                       200902           3245      159253988       76913632         870852       70648297        5631161       56082108        3448705           6435      308810423      139163996        1736165      140170158       11041506      116781282        7727273
4351Czech Republic                200902           2796       72608653       41485120         573321       24191666        5523680       15961750        4477998           5742      153286046       89302374        1194216       47720951       35810066       30631108        9567370
4359Slovakia                      200902            456       14951434        5546099         121322        7461939         906787        3752228         585617            926       31303924       10746865         174068       14013221        1974859        6310446        1278806
4370Hungary                       200902           2817      109448796       67244717         686246       32697779        3252967       29012218        2886910           5579      212586336      131597713        1459489       61631802       27255549       44981220        5449568
4411Liechtenstein                 200902             60        1292412        1014109          16804         213964           9033         210557           6906            142        3614092        2995476          24764         538964          39825         383673          21912
4419Switzerland                   200902          10638     1319964752     1150503024        3080060      117912179       66558034       80452897       15898437          21102     2819944211     2480130845        5771178      227468381      196159113      124297799       23249753
4470Estonia                       200902            397       14058284        5252391          32212        8226432        2245481        4692431        1753840            812       26849749        8923172          71192       17171351        3805316       11545720        2634900
4490Latvia                        200902            624       25300567        3581033          55089       21432053       10318064       10114773        1592240           1471       45208494        6497319          89134       38018776       13962153       24502816        4881364
4510Lithuania                     200902           2517       50453137        4302538          52233       45695386       23253699       22855089        6461703           4616       86032163        9028822         121700       76082173       42157463       39926992       12051994
4550Poland                        200902           4648      187262736       55484743         669293      118697369      195038012       50915455       20193211           9108      387112129      118661757        1500900      241201003      527883255      102727549       37451835
4621Russia                        200902           4430      351800930       63850911        1089914      266298326       92522425      106022534       30388524           8781      747650048      135903677        2095750      570494819      209690491      248657865       65403269
4622Belarus                       200902            210       11899281        2292301          15812        9558423         890575        7004133         488534            456       19764299        4037323          31906       15608156        1685782       11703720        1130785
4623Ukraine                       200902            892       49773644       10356931         419684       35776349        6871100       21210551        4764943           1697      122848083       27579768         702645       85966167       18954307       49430991       10521835
4631Armenia                       200902            233        6686787        2056939          11293        4103082         732318        3941190         699492            573       13486706        2522136          15436       10436863        1947845       10157485        1856188
4632Azerbaijan                    200902            249       23257991        5080601          62072       18104965        4796183        3716525        3123206            484       72818694       10458691         123074       61531567        6880333        5980594        4341554
4633Georgia                       200902           1042       20934792        1895554          57453       18446237        7292685       13250165        5641514           2157       57181076        4489177         107515       51508420       19585199       33596846       11674500
4634Kazakhstan                    200902           1364       71537859       12909196         245280       43899833        6000152       18048856        2501597           2239      115885095       23458553         503222       76425354       12760092       30322915        5138139
4635Kyrgyzstan                    200902             62        2525842          83440           1000        2300193         605533        2300193         605533            139        7106084        2467688           7070        4397871        1337806        4397871        1337806
4641Moldova                       200902             67        1323793         619709           9102         672216         635081         618098         609306            131        2536767        1055837          12206        1443562         907338        1379444         875870
4642Tajikistan                    200902             20       10734899        8926103           7714        1808796        2768190         832005         265176             57       12781556        9449455          24495        3332101        3299155        1960560         409025
4643Turkmenistan                  200902            126       17316959        2917977         208518       14356654        1222489        2448403         119944            203       26305681        5861525         360011       20394843        2136732        3306188         538248
4644Uzbekistan                    200902             63        2414140        1931523          24615         471871          61940         170000           8770            129        7950342        6383139          40958        1538158         170911         833208          34210
4700Spain                         200902          10394      916617376      519410105        2462322      360150201      418848751      142790242       52198636          20298     1568884486      836717857        5106976      644673387     1002151352      252619649      107328724
4710Portugal                      200902           1732      104820087       39372688         282243       31502335       21618732       12168982        4943263           3500      288433557      130827990         686488      116547141      267500005       22262744        9609976
4720Gibraltar                     200902             28      107630348         216047           4556       88937848      323585625          35693           1330             60      234274096         337516           5933      175584553      614145239          35693           1330
4730Malta                         200902            231       15540967        2471999          25447       12798831        3185710        3121093         342162            462       45207338        5671279          78573       39061716       57987592        4228839         762760
4751San Marino                    200902             15         195704          46751            118         143568         190714              0              0             31         428804         121437            351         300117         251719          36973           1563
4752Vatican City                  200902              4          94767              0              0          94310          75955              0              0              7         124914           3804            280         107693          96820              0              0
4759Italy                         200902          19153      911513660      494454753        4998121      372285859      701618623      207920403       75138789          37870     1868382261      990917371        9808457      774038865     1338715289      417130013      157577956
4791Croatia                       200902            424       23831919        4337186          79313       18804620      117017269        2304814         466622            868       38339227       10139617         156614       27184350      117909011        5773679        1107232
4792Slovenia                      200902            407       72651036        5785461          57980       65359231        1228286        5137496        1085344            866       97301802       13029386         203659       81235163       36872310        9007597        1819474
4793Bosnia-Hercegovina            200902            108        1647791         877971          50028         769820         406673         561732         356399            190        4519544        2835570          73490        1683974         750068        1361706         673971
4794Macedonia (Skopje)            200902             56        5916479         535721           8971        5281979         264626        3444078          78462            141        7566830        1498892          21946        5893522         490587        3708921         198227
4801Serbia                        200902            301        7507718        2321728          36275        4613617        1782125        1714730         463880            529       13805334        5132438          62896        7064763        3171135        2749731        1016190
4803Kosovo                        200902             12         259662         164749           1745          79665            153          79665            153             18         391017         164749           1745         211020          52058          92065           3368
4804Montenegro                    200902            110        2959916         543639          12392         267819          85009         267819          85009            247        6793135         854218          27383        1014060         578009         951560         572009
4810Albania                       200902             70        1464687         440730           3875         988426         708819         558279         393865            172        4515186        1336868           9731        3099820        2148125        1941434         832802
4840Greece                        200902           2148       91102044       43889821         429692       43199966       53743888       21208942        5818931           4210      198322025       89876807         782728      100199314      165362582       36634675       12701706
4850Romania                       200902           1079       58482957       15886443         244546       40293868      108802780       12786519        2238989           2048      137788249       30213129         492851       62141066      162613333       19008765        3470181
4870Bulgaria                      200902            625       36394152        8092428          57565       26766797        3568795       21699241        2853366           1090       53069280       15254971          98500       33705074        4581139       25951923        3550473
4890Turkey                        200902           5090      493626833       97996636        1373243      333026517      562185730      114704867       77268021           9747      973291292      195663759        2374574      640148787     1260300208      212488563      148173400
4910Cyprus                        200902            366       13711277        5765341          37637        7044123        1320082        3890124        1026551            716       26528167       10020143          87663       14836391       24908847        8412816        2249392
5020Syria                         200902             44       21632913         256102           3628       20863286       77719810        1280033         717960             85       50438206         892198          33943       48835806      154447098        2466452        1266981
5040Lebanon                       200902           5302       99118788       17510873         266516       79482843       54185120       44808770       17613991          10198      191925393       30828263         487261      156135165      115221931       88808215       26795189
5050Iraq                          200902           1855      145475877       50734636         725366       92492337       21330725       28296656       14664695           3488      266145802       96773161        1202934      165492175       47885094       49089908       32994424
5070Iran                          200902             43        7660724        5633526          20237        2027198        1750653        2027198        1750653             83       13982003        7623641          44486        6352066        3956587        6352066        3956587
5081Israel                        200902          13197      742893739      436753670        2450334      179691090      133482738       86932103       35985050          27019     1420545040      914947181        5240149      355516182      294844939      169280764       68526082
5082Gaza Strip Administered by Isr200902              1           4500              0              0           4500            113           4500            113              1           4500              0              0           4500            113           4500            113
5083West Bank Administered by Isra200902              3          90767           5490            732          85277          11564          85277          11564             15         172072          30387            881         141685          24214         127685          19316
5110Jordan                        200902           3434       82609192       12129577         267392       62233167       16801825       31387846        9614724           6500      148900037       30611972         497017      107797798       28866032       55297332       17513610
5130Kuwait                        200902           3834      141594165       32668926        2151524      104329742       17057738       41082334        9877066           7520      283136373       66069806        4353139      203029318       35457649       89546288       21447415
5170Saudi Arabia                  200902          18034      951734810      269221764        2604264      664680050      180879209      220419737       63786814          31610     1757208412      495641280        5303243     1223151430      386506670      438609944      133232401
5180Qatar                         200902           2387      469728522      128462922         638306       55586272       10987010       29691184        5956880           4993      598033188      172556232        1429187      129107690       24265773       64601887       14379189
5200United Arab Emirates          200902          18918     1144048004      337833349        3836715      520846625      222600046      200838052       70647309          37185     2260011097      636624944        7526969      980751368      355589453      438078600      135115559
5210Republic of Yemen             200902            881       31307643        3054688          46283       28078024       51754901        7714751        1769041           1630       55125732        6384437         110050       48400069      107155361       13438403        3056310
5230Oman                          200902           1322      128435392       13960855         412196       58162373        7778695       12644865        3895660           2694      214314008       43638132         882945      107194679       31020059       38933852       21229664
5250Bahrain                       200902           1298       48820196       13333446         193046       25293458        6278214       11808075        3834675           2620      106969222       26031399         409581       54900809       11806333       29215803        7207958
5310Afghanistan                   200902            820       52125215       25062875         421730       25112519        5982666        6584467        2453719           1637      158152286       46404288         934556      108728443       15076721       17452745        5346284
5330India                         200902          19557     1044842962      365094363        3584018      564946467      770742621      257078637      178697900          37988     2183274383      840472897        7229594     1109200335     1878213971      468685689      325825813
5350Pakistan                      200902           2207       93868827       31479409         302958       59718146       71847255       43243214       43155934           4100      182386393       66750511         580355      110526254      123924998       75040372       62810874
5360Nepal                         200902             70        1165152         689010           3998         370170          84373         329291          74054            162        2149177        1457641          14359         468910         181314         342543          83882
5380Bangladesh                    200902            469       31246655        4358531         101488       26375024       26500067       23918189       23499206            908       71225700        7380171         144192       62815687       63118333       52281855       54095968
5420Sri Lanka                     200902            474        9781999        3409519          96000        5900652        2800713        4464381        2430851            936       32113806        7078286         151756       24185353       64095790        8834886        5466960
5460Burma (Myanmar)               200902             27         776216         525057          10886         245832         148474         192232         141314             43        1117876         760313          18663         292047         150886         211522         141473
5490Thailand                      200902          10921      545307513      280507506        1917336      233391788      292794537      151312923       98372263          21995     1028044180      525201715        3790693      458639722      599577121      279570417      179217079
5520Vietnam                       200902           3364      162077823       30331570         495570      129663460      147470710      101507228      108352281           6509      319566827       63020437         971024      241650715      265473110      184913185      182971312
5530Laos                          200902             32         963098         315781           2227         526792          77777         279009          70670             58        1600285         536347           3087         845969         127988         343879          92386
5550Cambodia                      200902            877       10759108        2451079           8305        8251070        2828023        5348421        1930400           1268       15875795        2816263          14661       12947291        3950100        8730419        2769389
5570Malaysia                      200902          15311      747235914      474315199        1938447      166083097      110818099      131113963       69468676          31135     1385392569      960734502        4017280      297787931      181839226      235715646      128885283
5590Singapore                     200902          37194     1605118763      929972759        9416442      613758691      448975898      366148892       84901941          74025     3422280861     1882479473       18238547     1279770527      946583554      706985063      160567440
5600Indonesia                     200902           4493      304189788       38020902         665133      225020005      268911869      157267812      172941092           8792      573319284       83188794        1401953      444145147      585518239      287434709      313263829
5601Timor-Leste                   200902              7          46515          43036           1524              0              0              0              0             16         253290         107906           2185         140996         126088          76646          10567
5610Brunei                        200902            249        6809901        4554467          51839        1480961         444733         792213         311095            493       15928630       10765414          78239        3303419         690863        1325767         435362
5650Philippines                   200902           8301      379440668      213915918        1331631      151499447      211992897       81082677       71558980          16651      825965290      490330586        2583374      310907639      436203582      166685911      140846141
5660Macao                         200902            343       18555632        9463498         126385        5619141        1722399        4735466        1574359            702       36789761       20831059         260874        8798029        2355146        5746026        2096270
5682Bhutan                        200902              2          23983          22620           1470              0              0              0              0              8         110634         108419           1816              0              0              0              0
5683Maldives                      200902             79         866704         344908           4146         506068         124794         175641          90926            136        1695665         741120           8883         900059         217988         319282         167798
5700China                         200902          63173     4678448309     1257815237       11250826     3349376094     6167558471     1385220390     1238987776         119066     8856552356     2366454784       20782998     5998379862    11092693980     2612122258     2394641515
5740Mongolia                      200902             78        1662182         440356          22540        1156966         164948        1000174         138924            175        9748609         956725          48688        8667042       25670692        2376892         546554
5790North Korea                   200902              1           5000              0              0           5000           4109           5000           4109              5         232975              0              0         232975          12717         232975          12717
5800Korea, South                  200902          30799     1976279022      676543020        6963644     1184430672     1481149541      610673464      354045585          60334     3654958488     1320097373       13676754     2187303047     2774447337     1141474104      646354837
5820Hong Kong                     200902          35163     1457895093      966225804        6338540      447429675      226329042      356938216      180739218          66158     2802497062     1681877711       12400528      769256645      411992607      605784459      325910664
5830Taiwan                        200902          21177      975362743      478310652        3451634      478196540      725856775      283880644      284214242          41289     2074337179      941006708        6517487      935880274     1429512569      529794228      499950820
5880Japan                         200902          70047     4210632330     1968408876       16656242     2032187761     3099243060     1092739939      570131236         140618     8197296199     3872095457       34019572     4009123257     6300780857     2195569172     1140693242
6021Australia                     200902          35158     1578821156      472193560        5851922      718826302      262443204      463887240      102536749          69051     2936266021     1050178419       10992564     1407657706      483921444      928405926      206334636
6022Norfolk Island                200902              1          33778              0              0          33778          16733              0              0              2          40626              0              0          33778          16733              0              0
6023Cocos (Keeling) Island        200902              2          40582           4002              9          36580           3245              0              0              3          41672           4002              9          36580           3245              0              0
6024Christmas Island              200902              5          85297          76273           2355           9024            533           9024            533              6          87359          76273           2355           9024            533           9024            533
6029Heard and McDonald Islands    200902              0              0              0              0              0              0              0              0              1            964              0              0              0              0              0              0
6040Papua New Guinea              200902            154        6598154        1638237          15442        4418537        2742989        2897948        2441279            302       16808832        3686237          25868       12055577        9428355        3679644        2687992
6141New Zealand                   200902           5339      143140993       56039853         630793       70536982       41371492       48805459       19119200          10650      319505481      124451183        1263233      144554987       65914752      105212317       40018326
6142Cook Islands                  200902              7         140459          38261            192         100163          42701         100163          42701             10         166249          53311            394         100163          42701         100163          42701
6143Tokelau                       200902             46        1271383        1096326          16310          92294          24053          50609          22850            108        3003943        2330735          31133         409404          90009         133031          83478
6144Niue                          200902              0              0              0              0              0              0              0              0              1           1076              0              0              0              0              0              0
6150Western Samoa                 200902             54        1615197         601463           2887         987791         975352         683280         631971             84        2090122         613858           3686        1390488        1357605         820325         758772
6223Solomon Islands               200902             11         713895         296260            785         141550         119617          54835          97405             19        1187878         582639           1612         244686         137918         124221          99990
6224Vanuatu                       200902             15         154258          58070            928          72245          15544          64505          15052             24         318239          88012            976          89793          17297          74313          16757
6225Pitcairn Island               200902              0              0              0              0              0              0              0              0             11         568212         470943           1609          91060           3355              0              0
6226Kiribati                      200902              2          23788           3995             36              0              0              0              0              7          79962           7970             66          31811           2478           6500            258
6227Tuvalu                        200902              5          54835          54434            598              0              0              0              0              8          63200          61519            730              0              0              0              0
6412New Caledonia                 200902            156        6142084        1179695          10119        3754584        1355374        2386680        1090413            343       12376712        2484938          26794        7933990        3371112        5041950        2667460
6413Wallis and Futuna             200902              4         104601          26186              2          77000          25433              0              0              6         135706          26186              2         102000          40433              0              0
6414French Polynesia              200902            518       10024363        1791327          29185        7378335        3848292        5622798        3433560           1010       19503862        3761642          46353       14159151        7860708       11479715        7123094
6810Marshall Islands              200902             87        1104257          31367            428         907497         696722         676535         547624            155        2621711         497183           2232        1785890        1256309        1323829         973076
6820Federated States of Micronesia200902            140        6148781         701695           1596        2309469        1574509        2176032        1519072            271       27920044        1069351           3670       20386939        3752172       19830599        3416288
6830Palau                         200902             45        1239048         141757            224         864004         572736         417132         281516            115        2727008         202027            565        2136800        1093753        1444056         656722
6862Nauru                         200902              8         299769              0              0         260600         236563              0              0             24        1025728          68338            220         884287         798097           8687            368
6863Fiji                          200902            102        1895876         630322           9428         803204         702535         788034         701860            211        4212768        1130845          36232        2109184        1570609        1964196        1554742
6864Tonga                         200902             37         709396          53292           1621         540372         579462         461663         518657             71        1396626         156521           5553         965572         936415         808632         786449
7140Morocco                       200902            711      114714287       15399111         138825       42944266      170379353       15693918       14662114           1456      196538067       25859805         297425      111004072      518195925       35733147       33648171
7210Algeria                       200902            792       90069388       11957375         166621       77906998       59311396       27117868       12918395           1315      132434751       22689005         242075      108588945       75495486       44733818       24489945
7230Tunisia                       200902            448       23581582        4524443          49733       18488107       62156058        5549786        2706850            904       47929527       11775008         122226       35214649       71248430       16488778        7015400
7250Libya                         200902           2275       48767200        7819656         188609       40347632        7637585       13363232        3920356           4052       85129070       16310281         274895       67056458       16539722       26886726        9054917
7290Egypt                         200902           3619      576969479       45895337         674291      464834109      510797160       91113235       48017746           6755      902693545       84188260        1197913      741837502      896312990      159517647       75472286
7320Sudan                         200902             21         562848         182944           2833         379904         205943         379904         205943             52       17413281        1322624          12162       16090657       68670477       16090657       68670477
7370Western Sahara                200902              2          21360          21000            259              0              0              0              0              4          43055          42695            521              0              0              0              0
7380Equatorial Guinea             200902            307       39854043       30633314          54961        9044712        1124475        2517373         611515            657       51519304       34566046         129233       16273476        2770882        3952530        1210244
7410Mauritania                    200902             69        4210486         241258           4804        3890642         656522        1344688         457441            157       12486645         767636           7435       11608361        7448266        3424071         926507
7420Cameroon                      200902            203       11687476        1466959          20931       10053119        6695535        3432310        5869143            375       20706802        4297112          68621       16052122       19075338        8687513       17900625
7440Senegal                       200902            314        9154723        1286374          11362        7330989        4712461        3805759        2553735            603       16777679        2365711          37473       13488044        7562502        7089394        4992138
7450Mali                          200902             68        1303846         584186          10844         680233         382663         602453         371627            142        3744952         758058          14151        2867424        1157248        2765584        1119360
7460Guinea                        200902            188        6016486         521056           3369        4338546        2689502        2268241        1433798            417       17929211         708727           7241       14832803       10216636       11421136        7958091
7470Sierra Leone                  200902            164        4363966         230397           4180        4015358        2107906        2790387         700250            327        6421221         467124           6618        5714236        2571008        3876799        1005273
7480Cote d'Ivoire                 200902            248       16343993        4885785          24945       11193876       26163706        3567078        1827762            514       41893282       19920187          85904       21416446       32320949        6406163        5028115
7490Ghana                         200902           1198       36639075        4328585          58278       31074148       14216592       17897672        5734693           2333       72574771       10058965         200894       60190375       30025438       29573340       11278393
7500Gambia                        200902             59         969972         202458           3143         760986         344555         419287         162528            126        2616585         513959           9417        2088978        1658748        1048627         283732
7510Niger                         200902            115        2537998        1608696          10212         863728         523328         457775         425212            222        6333957        2238455          17598        1895805         901718        1058602         656572
7520Togo                          200902            675        6370368          33336           1006        6291694        2167331        1450662         610373           1235       14134678         209355          18395       13810161        4476838        3646126        1327677
7530Nigeria                       200902           6218      241862926       31362853         702306      196712666      258568335       52176154       17296673          12859      521738251       60251661        1386359      443828918      431075475      109203416       37608748
7540Central African Republic      200902             33        1185464         613317           5451         518056         176538              0              0             70        1874634        1012029           7573         659235         216589          82452          17925
7550Gabon                         200902            338       22945831        4279927          95077       18407940        6993540        3195993         890264            688       35983428        8431126         177525       26578465        9254679        5655334        1647263
7560Chad                          200902             41        7333835        1018960           7962        6260793         894267         888617         155234            100        9696741        2309661          30951        6939004         993592        1168169         239636
7580St Helena                     200902              3          50765          16209             87           3109            200           3109            200             10        1409875          25398            135        1349376         107281        1320296          31457
7600Burkina                       200902             53        2137231         302831           6049        1709595        1710905        1011883        1648699            103        5445873        1274353          11351        3961924        1930682        3260212        1850332
7610Benin                         200902           2836       23646788         108642           3229       23168093        6174583        2012932         935464           6797       59970220         305662           5854       58652214       14440106        4309826        1978421
7620Angola                        200902           1882       89963342       20876819         575180       67245543       20878305       37966070       10558614           3692      188221165       43607185        1074090      140948459       48746748       74699489       20594871
7630Congo (Brazzaville)           200902            310       29287036        4556344         106179       23876962        6922310        2958303         634325            693       57021775        7252257         138372       48131706       15338381        9729607        1743200
7642Guinea-Bissau                 200902              7          72663          72663           2530              0              0              0              0              8          76697          72663           2530              0              0              0              0
7643Cape Verde                    200902              7         189937         128355           1726          12000            656              0              0             16         454670         163679           2217          12000            656              0              0
7644Sao Tome and Principe         200902              9         109438           9081            285          90362         104612          71373          58727             15         148953          20796            288         115803         197910          96814         152025
7650Liberia                       200902            255        8415405        3582200          18120        4385101        1975739        3347716        1376185            491       17590907        4492055          30278       12071552        7019965        9177073        5712585
7660Congo (Kinshasa)              200902            151        6136957        3158891          99419        2845273        1003016        1862106         719679            321       11356382        4277908         132090        5149310        2074261        3098631        1387183
7670Burundi                       200902             13         146059          84761            972          54834           9370          54834           9370             36         684323         590148           9018          78834          24944          78834          24944
7690Rwanda                        200902             41         940558         621064           9069         267575         107644         249575         101644             88        3985907        1131113          15369        2776835        4113409         936481        1580237
7700Somalia                       200902             11         333022         105025             53         227554        1221517          12860          19822             17         494131         126246             60         235852        1236879          17860          34322
7741Eritrea                       200902             10        4048185         103450           2890        3939842       28169897              0              0             22        4186414         224892           4905        3944842       28172956           5000           3059
7749Ethiopia                      200902            385       23013784       19591468          66426        1743883         380220        1083036         167503            667       47838726       38609229         128748        6185121        3208782        3398371         553657
7770Djibouti                      200902            128       13338594        1677106          28368        9313405       14659642        1599206         306324            222       31023111        2460768          37820       25129010       56825832       11422320       35134770
7780Uganda                        200902            166        3475499        2294311          71194        1018259         366838         676946         227371            307       57512765        4061030          92926        4696730        9359247        1212476         531139
7790Kenya                         200902            547       85796386       13046878         179203       32949592       81403674        8880668       19760543           1040      181910755       20984023         320574       68823094      157417866       26152315       62427369
7800Seychelles                    200902             51         844285         607425          11093         215145          17039         187024          13532            111        1692976         977677          18886         669558          36051         637847          32013
7810British Indian Ocean Territori200902              5         119935         106426           1693          10662           9760          10662           9760              7         247964         106426           1693         133370          35970          10662           9760
7830Tanzania                      200902            292        6474099        1861691          39559        4275019        2119476        3393924        1619575            618       22514069        4559278          88903       16962176       26461829       14954825       25556252
7850Mauritius                     200902            108        1896548         769734          12057        1039394         243537         831425         201110            205        4084524        1873561          22602        2022406         444923        1429327         350617
7870Mozambique                    200902            161        9109841         717958          10325        8205637       11240711        1995289         339717            366       19564959        2965368          24079       16135784       29572726        2980504        1338351
7880Madagascar                    200902             59       63704795         554192           1360        3041675         398763        1213087         219551            125       69425772        4483544          11746        4723730        1201649        1617427         332608
7881Mayotte                       200902              1           1989              0              0              0              0              0              0              3         121795          45100             67          74706           4691          74706           4691
7890Comoros                       200902              0              0              0              0              0              0              0              0              1            769              0              0              0              0              0              0
7904Reunion                       200902             13         182178          63502           1077          38664          26487              0              0             33        5019445        4677024           5823         252841          62098          96293          25716
7905French Southern and Antarctic 200902              7         170659           4044            357         166130          10157         166130          10157             15         200475           4044            357         195369          14676         195369          14676
7910South Africa                  200902           8304      444548407      113172808        1806569      310876856      118021659      153794475       43512517          16370      876460405      233328106        3640580      594475303      275860254      294963297       88148734
7920Namibia                       200902            284       13072039        4752117          23440        4296198        1332798        2996386         851645            629       28741109        9154086          52107       12428721        3127055        4800749        1209439
7930Botswana                      200902             43        3328373        2582704           8373          58610           8453          58610           8453             78        7982357        3183534          22165         129808          11469          58610           8453
7940Zambia                        200902            162        4343855        2238406          30803        1766425         518333        1343071         395581            269       10529656        4084376          59678        5701429         787240        2362741         605198
7950Swaziland                     200902             39        1173625         500696          10424         661180          54156         604851          52391            102        1946080         929489          16844         973501         125932         917172         124167
7960Zimbabwe                      200902             98        3399046        3023116          24273         252636         114194         146252          90729            318        9917197        6184983          62203        3552994        1298760         906308         243494
7970Malawi                        200902             66        3193018         981767          25169        1523488        1225323        1380158        1158762            114        7272465        1752366          32934        4286827       10909819        1803998        1525659
7990Lesotho                       200902              6          60268          21210            375          38810          12685          12000           7438              9          75621          24148            500          50810          28188          24000          22941
